354
694
712
731
734
745
741
706
750
763
750
1257
761
1311
808
810
1254
773
774
1284
1302
1372
331
1306
752
1361
778
1215
1217
739
693
1213
711
692
1248
1229
1277
829
709
1224
1254
716
1228
1258
705
817
1240
739
1260
760
723
1257
1267
829
721
724
1294
723
1231
763
763
1280
732
1272
732
1317
714
1314
763
1305
724
1290
1270
760
1290
1293
1273
1294
725
1260
761
1296
1318
767
1283
1290
767
876
761
1300
1323
1317
782
1273
1301
790
1311
1284
1322
1375
791
842
1363
234
1387
882
299
1306
1300
783
723
1261
742
1315
769
1254
743
1334
726
1255
769
1343
727
1259
736
1276
737
1256
248
1297
747
741
1260
758
828
740
1261
767
735
724
1261
751
733
806
1239
773
1261
779
1266
781
1268
761
1269
739
1264
739
1270
739
1273
739
737
1263
753
807
1264
1288
741
1296
1290
764
1267
1265
1287
761
801
754
1259
805
743
1267
740
1263
787
1271
777
1265
768
762
1273
1277
1322
788
1287
761
751
1279
1285
818
752
1256
748
1324
748
1268
1272
821
755
1274
750
1275
762
1275
797
769
739
751
1279
765
786
1274
1273
1281
785
1277
759
1307
759
1279
771
1288
760
1286
773
1305
1290
1294
794
1294
774
1294
775
1295
776
1301
780
1297
776
1311
804
1303
779
1298
780
1301
798
1315
803
1303
783
1311
1301
1304
823
1303
783
1301
1301
1311
790
1303
787
1303
789
1306
800
1299
785
1333
787
1305
784
773
1302
1298
872
284
791
776
779
782
796
1301
791
1344
810
1302
808
1311
781
1306
792
783
785
825
1311
792
1309
1308
784
1306
792
1304
792
800
286
789
1313
785
821
773
778
801
1325
821
792
843
818
830
310
773
1315
271
777
1293
1318
818
792
301
797
776
799
828
846
799
275
782
801
801
830
803
797
801
1330
1326
1318
1349
1320
1323
1330
1326
1325
1358
1325
1334
1333
1325
1325
1361
1327
1334
1347
1336
1339
861
327
811
1340
1350
834
811
813
873
852
831
1015
336
818
831
874
300
817
1376
324
814
1319
816
1341
822
1344
824
878
850
1336
1343
295
813
824
827
342
1342
821
819
819
1332
865
822
881
830
824
1343
818
824
821
1345
821
1352
303
813
865
824
340
862
833
882
881
836
1359
856
890
865
837
1349
857
846
841
847
888
890
846
348
834
845
893
324
866
829
883
873
839
1366
852
838
382
838
1358
336
832
844
838
318
838
1341
835
1366
839
840
847
844
839
847
375
846
849
848
321
843
832
848
349
849
847
835
348
835
862
877
331
832
1341
840
1332
840
880
370
833
1338
1340
1343
827
840
881
378
859
1353
1363
1359
851
852
370
884
864
847
384
1359
368
1363
868
851
1360
855
846
864
381
852
1360
855
862
389
851
1357
862
1361
873
868
877
405
855
1363
858
904
382
857
858
864
379
1370
859
879
859
866
396
838
399
860
1374
882
865
383
863
873
380
868
1378
908
864
869
391
868
1382
885
900
380
868
875
393
870
1380
1384
896
382
870
905
906
888
914
394
1428
396
874
874
876
403
875
1386
907
910
897
876
910
1410
414
876
1389
419
909
1395
427
887
1411
892
918
398
882
894
917
1397
427
963
1391
892
882
930
421
884
1393
422
1440
912
438
886
922
401
891
420
889
1439
888
1398
426
1406
910
441
891
1460
429
894
1400
430
1412
920
436
896
971
412
896
1412
438
932
1407
435
898
961
439
900
897
934
903
1413
442
906
978
443
901
901
937
926
939
932
437
905
422
906
1417
445
1424
1420
917
912
467
909
906
908
462
951
449
912
1423
451
1413
926
460
913
948
461
916
928
928
1426
943
912
1428
934
926
912
1518
424
914
937
962
938
933
1427
956
443
923
1432
486
959
1431
440
1430
432
925
444
926
957
921
1435
945
1438
439
1438
926
925
446
1445
944
452
436
931
1437
446
972
1444
929
931
1442
948
947
943
932
1440
934
1435
950
1447
1442
950
937
446
948
1443
495
936
1453
933
1450
939
1450
935
1450
1446
955
939
1453
941
1451
1424
459
945
1454
469
1454
454
1453
474
947
463
951
1456
967
1451
461
949
953
471
1458
964
977
1457
468
952
985
966
969
966
969
951
1463
953
953
468
955
1465
998
1469
474
1478
953
955
1469
977
1467
972
970
972
1468
468
1473
959
1467
971
989
492
1471
972
996
1474
962
1475
977
1471
1009
482
967
1470
481
998
499
1479
965
479
1482
972
1487
982
983
990
474
1006
1497
490
977
979
978
971
1486
971
1484
972
485
975
505
979
1486
975
1486
974
1492
977
1494
492
999
989
1018
995
976
982
490
983
1495
496
498
1489
1491
1019
979
1018
494
982
1488
1537
1001
522
986
1495
491
997
492
1500
1005
530
989
1026
505
1497
1008
506
523
992
1494
510
1008
990
995
503
1013
508
995
1025
1009
989
1496
533
1507
1008
532
995
1506
536
993
1503
1017
993
1003
517
1015
522
524
1000
1505
563
1519
1013
547
1053
531
1040
525
998
1005
1515
1003
1005
1019
1005
1006
1027
525
552
1011
517
1015
520
1028
1026
1524
1011
1518
519
1030
530
546
1014
521
1021
532
1031
519
1023
544
1529
1029
524
533
1055
542
1041
558
1527
551
1015
1033
1518
