62;86;310
452;96;176
466;117;135
470;92;170
481;107;785
482;105;228
487;107;197
472;93;170
476;114;840
25;60;705
489;130;776
486;124;834
490;127;757
485;121;690
505;127;757
506;124;732
491;124;770
508;121;766
455;130;735
505;122;724
529;125;749
483;130;782
504;163;728
514;165;766
491;166;748
490;168;741
503;142;750
484;128;802
502;126;809
503;128;796
469;166;800
495;154;812
459;170;789
501;153;753
489;157;777
505;176;716
456;148;793
498;145;708
456;151;772
488;176;843
473;166;771
472;156;771
539;177;761
490;140;775
491;149;719
495;137;238
53;85;716
489;146;757
493;145;822
506;185;252
459;153;717
505;164;806
485;202;733
505;161;746
506;125;772
506;184;811
55;129;752
486;203;743
472;199;263
489;177;737
503;163;792
486;204;250
493;158;747
503;164;829
497;185;820
23;176;769
471;184;803
64;125;772
504;165;773
486;183;816
492;193;757
486;206;828
685;145;257
505;186;783
505;165;773
527;168;774
457;194;781
455;146;689
489;150;190
26;62;689
458;130;700
457;151;747
456;152;702
456;151;717
457;152;708
457;150;697
488;154;707
457;149;699
457;152;694
458;152;709
455;152;710
457;150;696
456;154;713
456;151;698
457;150;695
457;154;707
468;157;696
455;156;697
457;154;710
25;128;678
488;155;190
459;154;690
456;157;731
457;158;735
24;107;696
457;156;714
493;155;721
458;153;700
487;155;716
456;154;698
28;64;226
458;148;694
457;149;712
456;145;730
24;112;710
456;150;698
487;152;712
457;151;699
488;153;714
456;150;705
454;154;714
456;152;711
457;151;704
453;149;691
456;149;715
457;151;699
457;152;703
456;152;715
465;154;719
455;153;703
456;154;719
455;151;706
456;154;704
456;155;721
456;154;706
453;150;707
457;156;723
458;154;706
506;151;706
457;155;720
457;153;707
456;152;722
456;154;731
457;154;712
457;152;709
457;158;738
458;154;710
456;157;710
456;154;744
455;152;782
24;112;204
456;160;726
457;159;728
457;158;241
459;154;728
458;137;739
457;159;748
24;111;696
457;138;712
461;159;746
495;146;711
457;155;714
456;156;728
461;147;730
457;156;716
457;160;730
458;157;711
460;159;729
457;160;717
459;155;717
457;154;733
457;155;721
456;157;734
456;154;735
458;157;723
457;156;721
457;160;750
457;158;712
24;117;722
456;157;721
458;156;719
463;147;205
26;76;741
457;142;721
459;162;758
456;159;726
459;160;736
456;159;741
459;156;232
460;163;738
457;158;725
462;163;727
470;163;741
458;159;724
456;159;726
456;164;742
456;158;730
458;160;217
456;161;726
458;154;745
463;160;732
457;163;731
460;161;730
463;162;741
458;164;742
458;159;729
463;163;740
458;162;744
459;163;732
457;160;746
457;161;745
457;159;735
457;159;221
456;144;737
457;161;733
462;167;747
457;166;747
466;160;744
464;164;752
461;163;748
457;164;748
458;166;749
458;167;751
458;161;742
459;160;738
457;165;756
457;162;743
458;166;738
456;169;755
470;168;746
458;166;736
458;168;750
457;168;754
456;162;757
457;166;755
457;167;754
459;167;735
458;165;739
461;169;754
458;164;739
458;166;754
461;170;761
456;169;757
458;175;758
457;166;747
458;168;757
457;168;747
459;163;234
469;213;760
25;79;236
460;151;848
494;149;804
457;174;813
494;197;936
492;204;815
518;161;747
555;154;749
460;153;747
459;154;733
458;154;735
458;155;749
459;154;780
459;152;731
458;154;747
458;154;779
458;152;739
459;156;750
457;152;777
25;121;738
461;158;750
460;157;798
25;115;752
459;157;777
459;153;771
458;153;745
477;161;777
492;158;770
25;128;753
486;161;755
27;87;753
493;182;279
27;87;755
459;154;743
459;156;747
458;155;742
459;162;744
468;157;787
26;141;251
487;173;247
462;159;762
25;137;780
42;86;753
462;156;243
498;161;758
457;158;789
458;157;776
457;160;760
466;159;761
457;161;747
464;161;762
508;159;279
27;90;762
458;159;750
458;160;819
25;135;752
457;155;757
458;158;792
449;157;752
465;164;765
27;91;766
26;101;767
27;92;762
459;161;260
458;159;752
462;156;279
471;162;771
457;164;754
26;98;771
25;121;756
458;160;753
463;165;756
457;159;765
459;164;262
463;161;760
462;161;295
26;92;773
27;93;769
470;164;251
463;162;771
27;96;777
25;120;758
462;162;760
458;162;760
457;164;266
465;165;760
496;164;289
460;166;772
469;160;256
461;164;816
468;163;777
27;95;783
461;162;292
27;100;814
27;96;774
469;161;299
25;132;782
26;103;829
25;124;269
461;166;795
27;95;781
25;114;823
27;97;777
470;170;289
459;165;781
26;108;828
24;118;298
459;163;767
457;166;776
500;168;778
457;163;768
466;170;278
462;166;265
464;170;786
460;165;273
463;168;790
25;121;779
458;167;770
468;167;271
464;167;265
471;171;785
458;166;265
464;167;792
24;123;773
458;169;773
462;167;275
467;168;315
25;139;776
27;99;798
462;166;314
472;168;793
27;99;794
25;136;789
27;101;292
27;122;854
199;104;317
454;181;297
26;98;793
458;192;295
505;200;811
458;192;293
457;191;786
27;101;875
458;189;798
456;192;814
27;102;857
25;121;819
459;189;799
459;188;813
461;193;817
27;103;796
461;189;811
25;124;818
461;190;806
27;107;812
505;188;333
27;99;278
26;102;276
27;101;799
459;169;835
458;168;814
459;171;801
457;172;844
459;172;814
459;169;811
459;170;798
459;174;814
457;170;816
463;171;821
459;174;822
458;170;800
459;175;799
459;172;803
459;171;824
458;170;819
458;171;802
458;179;819
457;170;804
461;173;823
463;173;806
458;177;822
459;174;809
458;176;824
459;175;826
459;173;812
459;177;821
459;176;828
462;172;807
459;175;805
458;176;831
456;173;823
457;173;807
460;176;810
459;175;829
458;177;827
459;173;827
458;173;829
459;177;829
464;178;815
458;173;812
466;176;813
459;179;833
457;175;815
459;175;873
459;179;827
458;178;815
487;180;813
458;176;813
460;175;866
452;174;815
458;174;817
458;174;868
458;179;821
459;177;833
458;177;830
459;176;835
459;176;833
463;179;816
458;176;835
458;176;840
459;177;836
457;176;824
457;180;820
459;179;820
459;180;842
463;183;836
459;179;840
459;176;840
460;176;822
458;177;822
459;180;839
458;176;836
459;177;840
461;182;825
461;181;842
459;182;826
460;180;843
460;180;822
458;181;829
459;178;825
458;181;810
462;178;844
457;179;832
460;180;830
460;180;846
458;180;847
458;180;847
459;184;848
457;180;847
462;182;831
459;184;851
458;180;845
458;179;843
460;180;833
459;181;854
458;181;846
458;180;849
462;180;845
458;179;852
460;185;847
458;181;849
457;181;850
460;184;837
479;185;832
471;181;853
474;182;853
470;182;852
472;185;850
472;182;849
470;182;853
471;185;837
472;183;853
472;182;838
474;183;851
471;182;854
472;182;865
472;184;837
471;182;851
469;183;853
470;183;858
471;187;839
474;184;840
470;183;857
470;183;848
470;183;859
471;184;839
475;186;855
471;184;853
470;184;871
471;184;840
473;183;857
487;185;894
472;184;858
506;183;845
492;193;861
471;184;862
505;190;902
472;185;858
471;186;863
493;200;864
471;184;846
506;191;901
472;183;845
473;185;844
472;221;850
472;185;861
471;189;897
472;186;849
472;186;848
506;185;900
469;191;848
471;190;866
515;188;867
506;188;852
489;193;876
474;188;851
471;186;869
514;187;868
474;188;853
472;187;892
472;194;854
473;191;856
472;222;872
470;192;871
507;189;884
472;187;856
473;188;873
507;191;903
472;189;855
507;188;872
503;181;868
472;188;870
471;189;897
472;189;872
473;188;874
546;191;857
473;189;874
472;189;903
473;189;877
472;190;873
495;196;879
472;190;861
473;190;917
473;190;875
471;194;877
474;226;877
472;190;866
472;190;893
474;191;859
474;190;881
473;194;896
472;190;877
491;191;865
494;192;864
474;191;885
472;193;908
472;191;865
511;191;883
511;197;889
473;192;870
473;191;892
472;192;883
474;192;886
516;194;880
473;192;884
474;192;888
493;214;916
527;196;399
474;259;866
474;193;916
508;193;918
472;195;963
473;192;870
474;228;888
475;193;889
472;196;917
473;193;888
474;191;870
474;216;885
474;194;875
474;196;923
473;197;890
474;195;873
472;197;907
474;194;894
474;195;878
512;194;875
473;195;897
508;196;927
475;195;891
471;196;892
492;197;875
474;196;891
509;199;1000
473;196;883
474;199;901
478;196;877
475;197;880
475;195;934
472;199;897
474;197;896
518;198;896
474;196;899
475;197;929
475;196;899
476;197;879
515;197;897
476;197;881
480;197;939
476;197;900
475;197;885
517;200;899
475;198;898
510;201;940
474;199;885
474;197;934
508;201;890
476;197;885
474;198;941
475;198;905
511;198;933
475;198;884
476;198;906
476;219;920
476;199;907
510;198;938
474;200;903
477;199;908
475;235;911
475;200;909
510;199;913
478;201;910
475;202;890
478;220;906
476;200;892
510;199;934
476;200;905
476;200;914
517;205;892
477;205;914
478;203;934
476;201;910
474;205;916
515;208;898
476;204;917
509;202;925
476;201;893
476;205;914
512;208;912
476;203;915
511;203;925
478;202;914
510;208;918
515;202;923
478;203;922
476;203;952
511;203;916
475;205;917
476;203;917
477;203;899
476;236;922
477;203;908
476;201;952
477;203;908
477;203;943
491;223;938
477;203;922
475;204;954
477;203;900
477;206;903
549;205;953
477;204;907
477;209;954
480;210;903
476;204;908
510;206;911
477;206;908
510;204;995
475;208;927
513;205;960
477;205;927
477;205;907
476;243;905
477;205;909
513;206;1006
477;206;924
478;207;925
540;206;909
511;206;926
511;207;977
479;207;916
477;206;949
468;207;913
479;206;914
478;213;942
480;208;932
531;212;965
478;208;930
478;207;928
517;212;930
478;207;938
511;207;974
478;208;930
478;208;917
518;209;933
491;208;931
476;215;970
477;209;918
479;209;963
477;209;936
478;209;916
477;211;918
478;210;939
511;210;973
478;209;923
479;211;916
515;216;938
477;212;922
476;212;959
478;208;936
494;212;942
517;214;923
479;211;944
479;214;955
493;211;937
477;213;954
479;210;942
479;210;939
518;211;941
512;211;939
513;213;981
479;214;939
481;211;943
491;213;924
478;212;927
480;232;942
478;211;942
479;212;929
480;213;950
479;212;945
518;212;927
514;212;951
513;213;986
476;219;947
479;212;932
509;214;943
479;213;945
477;246;927
480;213;954
479;220;987
480;213;948
479;214;931
516;218;931
481;213;954
513;215;993
478;214;946
512;214;981
478;214;935
479;215;932
479;213;952
515;215;936
478;214;973
479;214;952
478;215;936
518;215;955
493;219;948
480;217;990
512;218;952
479;215;983
477;215;961
479;217;949
501;218;954
476;219;954
479;217;987
480;216;955
479;217;943
483;219;961
480;218;955
480;253;939
479;217;962
478;216;982
480;219;940
479;217;955
520;218;953
512;217;963
512;217;998
479;218;943
480;219;977
481;218;942
480;219;963
500;223;965
480;218;964
473;223;987
475;219;960
480;219;980
480;219;942
479;219;964
479;258;962
479;219;965
477;225;993
480;221;966
480;221;968
542;220;965
515;223;946
479;257;970
476;224;949
480;220;998
479;220;966
480;220;970
532;239;950
482;219;972
513;258;946
474;220;953
477;219;995
480;223;971
481;220;972
524;221;955
514;224;974
496;221;1004
479;221;970
481;221;993
481;222;977
482;221;973
517;223;972
480;219;981
512;222;1010
476;222;970
480;222;1015
482;224;953
480;223;976
519;225;957
514;223;972
514;225;1011
480;223;964
482;223;999
480;223;978
480;222;961
515;223;984
476;228;982
513;223;996
475;225;962
481;224;1004
482;224;982
482;223;965
524;226;962
479;224;966
481;226;1010
481;227;968
481;226;1010
481;224;985
479;230;981
505;242;981
481;225;969
481;224;1000
481;225;989
481;226;1009
481;225;982
482;225;988
524;226;986
480;226;964
480;250;985
481;228;969
483;228;1016
481;226;969
482;226;995
504;231;984
515;226;987
479;262;972
507;237;977
482;229;1048
481;226;973
483;228;996
510;227;974
482;227;971
481;263;972
483;228;991
480;228;1006
481;229;973
482;230;1063
482;231;998
482;228;974
521;228;992
516;228;993
480;229;1034
481;231;983
482;230;994
481;227;999
481;232;979
513;230;996
480;230;1000
516;236;1005
482;229;979
479;234;1038
483;231;977
482;231;999
521;232;981
515;228;984
481;232;984
480;235;1001
481;235;1011
484;230;1003
480;231;1016
482;233;981
482;231;1002
523;234;981
515;231;983
483;234;1028
481;237;1001
485;232;1002
484;233;981
483;234;983
523;232;983
517;234;989
513;267;982
482;236;990
485;235;1017
481;230;1011
486;233;987
493;236;990
483;234;989
479;234;988
482;233;1014
483;236;1014
482;234;987
483;235;1026
484;234;1000
483;234;999
522;235;992
515;235;1017
514;235;1024
479;240;993
482;235;1048
485;237;994
485;236;998
504;240;1000
483;235;1000
505;243;995
481;236;1014
517;235;1057
478;236;1014
483;237;1021
482;238;1001
483;239;1015
498;245;1002
482;237;1017
483;272;998
485;240;1003
482;239;1043
485;236;1021
481;238;1034
485;237;998
482;240;1002
504;243;999
482;242;1001
517;237;1045
478;237;1024
482;240;1028
482;243;1002
483;238;1037
479;241;1001
482;239;1024
496;248;1001
483;239;1011
518;238;1045
483;240;1030
517;239;1031
483;239;1027
485;239;1005
495;239;1003
484;245;1027
506;257;1008
516;239;1007
483;245;1066
482;243;1030
485;240;1032
