136
233
141
139
159
204
130
129
127
207
108
183
127
104
169
126
156
139
132
236
141
134
133
133
151
136
138
196
142
141
137
142
153
220
144
146
140
155
148
144
142
149
141
222
148
144
152
143
220
155
213
170
153
225
156
152
147
150
148
201
157
148
153
154
237
172
153
153
151
144
163
153
155
185
173
157
154
156
146
167
157
180
160
160
148
176
162
158
161
159
179
171
163
161
162
161
194
198
186
165
180
168
171
171
167
171
179
177
167
174
170
160
190
181
159
179
175
181
158
200
182
160
183
181
180
161
185
178
202
179
181
241
182
179
226
183
177
179
180
243
204
183
180
274
194
184
188
184
236
191
182
207
185
186
186
186
184
231
194
190
243
191
186
249
196
190
188
240
203
191
213
194
236
203
196
284
197
192
195
242
199
192
211
193
180
203
201
196
195
209
197
197
226
179
214
237
227
210
201
201
182
206
197
201
180
211
202
210
228
205
223
213
217
215
225
251
209
227
214
211
242
226
228
212
217
214
217
277
220
216
315
223
214
262
217
220
217
269
225
215
220
214
329
261
249
206
231
222
230
228
223
201
229
223
262
241
283
206
235
325
229
232
275
227
224
230
227
228
304
235
227
276
240
232
227
282
236
236
275
241
232
228
238
238
234
271
255
238
215
237
215
251
237
236
235
216
255
240
238
252
240
239
217
247
239
242
241
241
245
327
252
239
247
246
245
239
287
246
245
289
273
291
235
253
253
226
251
254
223
273
248
254
228
255
225
256
255
228
259
260
232
262
252
257
231
257
262
224
263
265
230
262
385
269
259
265
318
259
262
319
263
281
265
264
268
267
271
268
265
300
269
267
302
284
261
276
318
267
269
310
272
271
308
273
304
275
272
309
273
299
274
276
297
275
271
280
279
289
275
309
283
282
275
334
304
290
280
314
281
276
279
277
334
280
285
274
315
293
287
283
295
295
336
293
289
321
328
315
346
287
393
289
285
318
304
286
311
290
283
326
288
303
291
317
294
297
291
274
303
286
298
284
267
292
300
290
317
293
301
292
296
298
304
295
300
298
289
276
295
297
308
299
321
296
306
313
299
301
302
339
301
298
262
303
344
305
294
305
317
366
276
305
327
317
307
318
325
306
271
305
268
311
304
301
310
309
304
272
312
313
309
319
365
410
343
351
343
398
343
395
345
331
346
346
398
366
376
349
426
346
381
346
337
346
334
370
368
341
357
518
355
346
388
355
379
375
358
437
376
356
352
411
356
416
359
360
357
418
357
351
358
390
358
349
358
373
356
334
358
366
370
363
381
378
361
410
378
375
385
365
371
383
363
392
376
367
368
375
386
380
367
386
396
374
379
388
384
368
356
369
373
377
370
377
377
408
378
378
378
376
385
374
377
375
387
377
371
376
377
373
374
380
377
364
380
377
382
397
382
386
381
418
396
374
384
386
387
379
386
378
428
383
384
390
391
384
388
368
389
388
386
391
387
471
384
393
389
373
390
383
390
385
392
389
393
416
393
383
393
392
418
383
386
391
404
403
406
457
406
368
394
401
410
398
394
396
396
373
397
397
405
482
397
377
398
525
398
405
394
409
400
397
409
406
403
380
399
382
426
392
402
395
401
400
415
402
478
396
397
396
408
412
400
381
407
411
439
400
410
429
404
404
412
405
390
411
414
426
404
408
398
412
387
407
392
414
409
427
408
416
414
411
427
413
416
419
409
419
403
415
411
409
431
427
422
444
427
423
411
424
395
422
395
423
426
449
435
433
435
453
426
425
420
432
413
432
420
428
436
432
429
427
441
433
428
431
431
434
425
418
429
430
427
419
427
449
429
413
433
422
436
423
428
409
449
432
422
437
436
443
445
433
411
465
410
440
412
437
436
436
414
435
427
440
433
436
432
438
437
443
517
442
433
439
480
439
413
447
552
441
449
445
441
446
465
487
448
512
449
454
445
458
436
449
423
449
441
453
449
447
430
451
443
447
449
455
447
473
451
453
454
456
448
458
429
458
429
461
454
512
480
458
461
482
462
468
443
474
448
466
430
500
452
468
468
478
454
469
453
465
447
472
429
466
505
465
463
465
467
460
471
467
468
467
463
479
474
465
465
475
475
465
467
498
472
471
467
470
475
468
447
471
490
477
440
479
550
473
463
481
492
477
453
479
502
481
462
479
482
480
488
474
501
480
464
482
487
482
446
485
470
518
447
490
456
515
474
487
459
504
466
489
470
504
464
488
473
501
468
491
464
500
462
491
456
493
504
480
494
468
518
462
496
463
510
492
496
475
523
494
498
484
517
462
495
479
498
462
499
477
499
493
483
502
