45
51
36
33
34
34
32
34
35
34
32
33
35
34
33
32
49
33
31
32
33
33
35
34
36
34
34
34
45
33
33
34
36
34
35
35
34
35
35
36
39
36
36
45
37
36
42
37
39
38
37
39
43
38
38
37
39
39
40
54
39
41
40
41
42
41
40
40
41
40
40
41
41
41
42
49
41
41
41
42
42
43
44
42
43
42
50
48
43
43
43
45
43
44
44
44
48
45
44
44
45
44
46
45
45
46
45
54
46
46
46
46
46
46
46
47
50
48
48
48
47
56
48
48
47
49
49
53
52
49
50
50
50
52
50
50
50
50
51
59
50
50
51
51
51
50
51
54
52
52
53
52
53
53
59
52
52
52
56
54
53
54
54
54
54
54
54
125
64
54
56
55
55
56
55
55
57
56
56
56
56
56
56
57
57
56
56
58
66
59
59
58
61
58
60
60
60
59
70
72
66
61
86
84
66
67
67
86
62
61
60
68
60
60
60
69
61
61
61
63
61
61
62
62
62
63
63
62
63
63
63
63
64
63
63
64
64
64
64
63
66
65
64
64
65
64
65
64
66
65
66
66
66
66
67
68
