55
39
38
37
37
37
37
36
40
34
37
33
35
34
34
41
35
36
35
34
42
36
41
36
37
37
47
39
39
39
39
45
42
41
42
41
42
43
43
43
45
51
45
52
46
47
47
49
49
48
50
50
50
52
54
53
57
54
55
56
61
58
58
59
61
60
62
61
63
63
65
65
65
74
67
76
70
71
71
73
72
75
74
77
77
77
78
80
82
82
83
84
84
97
99
95
95
96
97
97
100
100
101
103
104
106
106
109
109
110
113
114
108
110
111
112
122
115
116
139
121
122
122
131
126
135
129
131
131
133
133
136
137
138
145
143
143
145
146
148
148
150
152
153
154
156
160
163
161
161
164
164
167
169
171
172
175
176
177
180
182
182
185
186
187
189
193
194
196
198
199
202
203
205
207
210
210
212
214
217
219
220
223
225
226
228
230
232
236
236
238
241
242
245
247
257
258
260
270
264
267
268
266
267
269
283
273
279
277
281
282
284
286
288
292
292
296
298
300
303
306
307
309
313
317
317
320
322
328
327
330
331
336
339
339
341
348
347
350
352
355
358
359
362
366
367
369
371
376
378
381
384
385
388
396
394
