58
37
36
37
40
37
37
41
42
41
49
45
49
67
52
56
60
65
70
75
83
94
101
108
117
128
155
157
169
181
205
223
237
248
264
289
308
331
348
373
415
431
462
502
556
588
625
664
709
753
799
833
879
927
989
1036
1065
1081
1116
1170
1229
1290
1359
1425
1487
1544
1612
1685
1760
1842
1932
2003
2071
2157
2245
2336
2434
2529
2629
2712
2814
2919
3027
3144
3260
3376
3473
3591
3716
3844
3981
4111
4252
4365
4508
4651
4799
4955
5110
5273
5402
5568
5734
5900
6079
6252
6450
6604
6780
6964
7158
7367
7574
7770
7944
8158
8365
8590
8823
9059
9279
9478
9706
9951
10197
10455
10710
10971
11187
11446
11725
11999
12279
12565
12838
13093
13385
13688
13981
14312
14623
14936
15210
15539
15858
16200
16555
16878
17246
17539
17903
18253
18617
19012
19367
19741
20099
20490
20898
21281
21694
22090
22498
22906
23345
23759
24185
24621
25061
25499
25943
26403
26860
27319
27795
28280
28750
29239
29734
30225
30734
31235
31755
32272
32805
33328
33869
34413
34955
35507
36073
36637
37206
37784
38369
38954
39554
40157
40764
41399
41998
42622
43255
43893
44538
45193
45846
46513
47183
47870
48542
49229
49932
50632
51334
52051
52778
53508
54240
54986
55733
56489
57251
58021
58800
59581
60378
61173
61977
62789
63616
64436
65275
66120
66958
67817
68663
69553
70407
71291
72235
73080
73985
74899
75818
76749
77689
78697
79577
80533
81511
82471
83501
84479
85533
86447
